lim\spe       0.4      0.6      0.8        1      1.2      1.5        2        3 
0.128     2.11286  2.41742  2.53083  2.68265  2.58377  2.41781   2.4023  2.38042 
0.254     2.11286  2.41742  2.53083  2.68265  2.58377  2.41781   2.4023  2.38042 
0.512     2.11286  2.41742  2.53083  2.68265  2.58377  2.41781   2.4023  2.38042 
1.024     2.11286  2.41742  2.53083  2.68265  2.58377  2.41781   2.4023  2.38042 
2.048     2.11286  2.41742  2.53083  2.68265  2.58377  2.41781   2.4023  2.38042 
4.096     2.11286  2.41742  2.53083  2.68265  2.58377  2.41781   2.4023  2.38042 
8         2.11286  2.41742  2.53083  2.68265  2.58377  2.41781   2.4023  2.38042 
16        2.11286  2.41742  2.53083  2.68265  2.58377  2.41781   2.4023  2.38042 
32        2.11286  2.41742  2.53083  2.68265  2.58377  2.41781   2.4023  2.38042 
64        2.11286  2.41742  2.53083  2.68265  2.58377  2.41781   2.4023  2.38042 
128       2.11286  2.41742  2.53083  2.68265  2.58377  2.41781   2.4023  2.38042 
256       2.11286  2.41742  2.53083  2.68265  2.58377  2.41781   2.4023  2.38042 
512       2.11286  2.41742  2.53083  2.68265  2.58377  2.41781   2.4023  2.38042 
1000      2.11286  2.41742  2.53083  2.68265  2.58377  2.41781   2.4023  2.38042 
