lim /spe     0.01   0.0316      0.1    0.316        1     3.16       10     31.6      100      316     1000 
10        2.27024  2.29097  2.27243  2.28861  2.28861  2.28861  2.28861  2.28861  2.28861  2.28861  2.28861 
40         2.2938  2.28444  2.48002  2.42136  2.42136  2.42136  2.42136  2.42136  2.42136  2.42136  2.42136 
70        2.29527  2.23435  2.26966  2.26636  2.26636  2.26636  2.26636  2.26636  2.26636  2.26636  2.26636 
100       2.30637  2.23913  2.43632  2.56934  2.56934  2.56934  2.56934  2.56934  2.56934  2.56934  2.56934 
130       2.30722  2.24445  2.43702  2.58207  2.58207  2.58207  2.58207  2.58207  2.58207  2.58207  2.58207 
160       2.31061  2.24212   2.4232  2.62326  2.62326  2.62326  2.62326  2.62326  2.62326  2.62326  2.62326 
190       2.30048  2.44006  2.43198  2.65326  2.65326  2.65326  2.65326  2.65326  2.65326  2.65326  2.65326 
220       2.30134  2.43334  2.42515  2.66789  2.66789  2.66789  2.66789  2.66789  2.66789  2.66789  2.66789 
250       2.29132  2.43564  2.25787  2.67028  2.67028  2.67028  2.67028  2.67028  2.67028  2.67028  2.67028 
