2.36379
2.11286
2.65646
2.41742
2.77918
2.53083
2.90191
2.68265
2.84004
2.58377
2.83876
2.41781
2.94424
2.4023
2.86963
2.38042
2.36379
2.11286
2.65646
2.41742
2.77918
2.53083
2.90191
2.68265
2.84004
2.58377
2.83876
2.41781
2.94424
2.4023
2.86963
2.38042
2.36379
2.11286
2.65646
2.41742
2.77918
2.53083
2.90191
2.68265
2.84004
2.58377
2.83876
2.41781
2.94424
2.4023
2.86963
2.38042
2.36379
2.11286
2.65646
2.41742
2.77918
2.53083
2.90191
2.68265
2.84004
2.58377
2.83876
2.41781
2.94424
2.4023
2.86963
2.38042
2.36379
2.11286
2.65646
2.41742
2.77918
2.53083
2.90191
2.68265
2.84004
2.58377
2.83876
2.41781
2.94424
2.4023
2.86963
2.38042
2.36379
2.11286
2.65646
2.41742
2.77918
2.53083
2.90191
2.68265
2.84004
2.58377
2.83876
2.41781
2.94424
2.4023
2.86963
2.38042
2.36379
2.11286
2.65646
2.41742
2.77918
2.53083
2.90191
2.68265
2.84004
2.58377
2.83876
2.41781
2.94424
2.4023
2.86963
2.38042
2.36379
2.11286
2.65646
2.41742
2.77918
2.53083
2.90191
2.68265
2.84004
2.58377
2.83876
2.41781
2.94424
2.4023
2.86963
2.38042
2.36379
2.11286
2.65646
2.41742
2.77918
2.53083
2.90191
2.68265
2.84004
2.58377
2.83876
2.41781
2.94424
2.4023
2.86963
2.38042
2.36379
2.11286
2.65646
2.41742
2.77918
2.53083
2.90191
2.68265
2.84004
2.58377
2.83876
2.41781
2.94424
2.4023
2.86963
2.38042
2.36379
2.11286
2.65646
2.41742
2.77918
2.53083
2.90191
2.68265
2.84004
2.58377
2.83876
2.41781
2.94424
2.4023
2.86963
2.38042
2.36379
2.11286
2.65646
2.41742
2.77918
2.53083
2.90191
2.68265
2.84004
2.58377
2.83876
2.41781
2.94424
2.4023
2.86963
2.38042
2.36379
2.11286
2.65646
2.41742
2.77918
2.53083
2.90191
2.68265
2.84004
2.58377
2.83876
2.41781
2.94424
2.4023
2.86963
2.38042
2.36379
2.11286
2.65646
2.41742
2.77918
2.53083
2.90191
2.68265
2.84004
2.58377
2.83876
2.41781
2.94424
2.4023
2.86963
2.38042
2.90191
2.68265
2.90191
2.68265
2.90191
2.68265
2.90191
2.68265
2.90191
2.68265
2.90191
2.68265
2.90191
2.68265
2.90191
2.68265
2.90191
2.68265
2.90191
2.68265
2.90191
2.68265
2.90191
2.68265
2.90191
2.68265
2.90191
2.68265
2.90191
2.68265
2.28976
2.00671
2.90191
2.68265
2.28976
2.00671
2.10741
1.93996
2.26268
2.02187
2.08608
1.92656
2.90191
2.68265
3.11454
2.51803
3.11454
2.51803
2.82819
2.50465
2.90191
2.68265
2.90191
2.68265
2.90054
2.43485
2.90054
2.43485
2.90191
2.68265
2.41992
1.97059
2.90191
2.68265
0.359715
0.340144
0.612598
0.551297
0.171287
0.168796
0.935694
0.835465
1.22759
0.975118
2.83358
2.02384
2.83358
2.02384
0.119997
0.119995
2.8586
1.95251
2.8586
1.95251
0.119997
0.119995
1.39005
1.32899
2.74135
2.04358
2.44519
1.85003
2.74135
2.04358
2.71651
1.9107
2.1414
1.74484
2.78444
2.03127
2.79013
2.06873
2.8921
1.99467
2.74762
2.03638
2.82295
1.9901
2.79013
2.06873
2.73765
2.11906
2.83173
2.05048
2.73765
2.11906
2.84897
2.15986
2.84947
2.21006
2.86084
2.02078
2.90921
2.22979
2.8541
2.27734
2.8541
2.27734
2.85048
2.11126
2.91467
2.16961
2.68235
2.16583
2.80876
2.24065
2.91496
2.30113
2.91496
2.30113
2.84153
2.41674
2.8573
2.37404
2.77071
2.25737
2.84079
2.34969
2.80805
2.25409
2.78876
2.30873
2.77017
2.26733
2.77144
2.32382
2.74153
2.3896
2.80508
2.34341
2.84153
2.41674
2.84153
2.41674
2.83517
2.34845
2.8146
2.43019
2.91768
2.46379
2.78378
2.3987
2.77192
2.3459
2.91768
2.46379
2.83003
2.30186
2.94566
2.35253
2.836
2.32971
2.78677
2.32835
2.87364
2.3933
2.91768
2.46379
2.83002
2.44503
2.86813
2.50796
2.87152
2.45249
2.87615
2.54466
2.87809
2.48335
2.85741
2.50298
2.93554
2.44488
2.88256
2.17369
2.87615
2.54466
2.85455
2.54325
1.22759
0.975118
2.83358
2.02384
2.83358
2.02384
0.119997
0.119995
2.8586
1.95251
2.8586
1.95251
0.119997
0.119995
1.39005
1.32899
2.74135
2.04358
2.44519
1.85003
2.74135
2.04358
2.71651
1.9107
2.1414
1.74484
2.78444
2.03127
2.79013
2.06873
2.8921
1.99467
2.74762
2.03638
2.82295
1.9901
2.79013
2.06873
2.73765
2.11906
2.83173
2.05048
2.73765
2.11906
2.84897
2.15986
2.84947
2.21006
2.86084
2.02078
2.90921
2.22979
2.8541
2.27734
2.8541
2.27734
2.85048
2.11126
2.91467
2.16961
2.68235
2.16583
2.80876
2.24065
2.91496
2.30113
2.91496
2.30113
2.84153
2.41674
2.8573
2.37404
2.77071
2.25737
2.84079
2.34969
2.80805
2.25409
2.78876
2.30873
2.77017
2.26733
2.77144
2.32382
2.74153
2.3896
2.80508
2.34341
2.84153
2.41674
2.84153
2.41674
2.83517
2.34845
2.8146
2.43019
2.91768
2.46379
2.78378
2.3987
2.77192
2.3459
2.91768
2.46379
2.83003
2.30186
2.94566
2.35253
2.836
2.32971
2.78677
2.32835
2.87364
2.3933
2.91768
2.46379
2.83002
2.44503
2.86813
2.50796
2.87152
2.45249
2.87615
2.54466
2.87809
2.48335
2.85741
2.50298
2.93554
2.44488
2.88256
2.17369
2.87615
2.54466
2.85455
2.54325
2.81072
2.50292
2.87615
2.54466
2.81829
2.59899
2.91864
2.43169
2.83578
2.42874
2.85739
2.51156
2.83374
2.52433
2.745
2.26337
2.81829
2.59899
2.79526
2.31569
2.64594
2.21836
2.96723
2.46356
2.84591
2.34426
2.59899
2.08418
1.8885
2.96745
2.4559
2.69632
2.3762
2.85572
2.34492
3.01868
2.18504
2.69205
1.93962
2.95926
2.29693
2.96769
2.26118
2.52785
2.24435
2.79772
2.14812
2.88231
2.5697
2.7471
2.14128
2.08418
1.8885
2.96745
2.4559
2.69632
2.3762
2.85572
2.34492
3.01868
2.18504
2.69205
1.93962
2.95926
2.29693
2.96769
2.26118
2.52785
2.24435
2.79772
2.14812
2.88231
2.5697
2.7471
2.14128
2.08418
1.8885
2.96745
2.4559
2.69632
2.3762
2.85572
2.34492
3.01868
2.18504
2.69205
1.93962
2.95926
2.29693
2.96769
2.26118
2.52785
2.24435
2.79772
2.14812
2.88231
2.5697
2.7471
2.14128
2.08418
1.8885
2.96745
2.4559
2.69632
2.3762
2.85572
2.34492
3.01868
2.18504
2.69205
1.93962
2.95926
2.29693
2.96769
2.26118
2.52785
2.24435
2.79772
2.14812
2.88231
2.5697
2.7471
2.14128
2.08418
1.8885
2.96745
2.4559
2.69632
2.3762
2.85572
2.34492
3.01868
2.18504
2.69205
1.93962
2.95926
2.29693
2.96769
2.26118
2.52785
2.24435
2.79772
2.14812
2.88231
2.5697
2.7471
2.14128
2.08418
1.8885
2.96745
2.4559
2.69632
2.3762
2.85572
2.34492
3.01868
2.18504
2.69205
1.93962
2.95926
2.29693
2.96769
2.26118
2.52785
2.24435
2.79772
2.14812
2.88231
2.5697
2.7471
2.14128
2.08418
1.8885
2.96745
2.4559
2.69632
2.3762
2.85572
2.34492
3.01868
2.18504
2.69205
1.93962
2.95926
2.29693
2.96769
2.26118
2.52785
2.24435
2.79772
2.14812
2.88231
2.5697
2.7471
2.14128
2.08418
1.8885
2.96745
2.4559
2.69632
2.3762
2.85572
2.34492
3.01868
2.18504
2.69205
1.93962
2.95926
2.29693
2.96769
2.26118
2.52785
2.24435
2.79772
2.14812
2.88231
2.5697
2.7471
2.14128
2.08418
1.8885
2.96745
2.4559
2.69632
2.3762
2.85572
2.34492
3.01868
2.18504
2.69205
1.93962
2.95926
2.29693
2.96769
2.26118
2.52785
2.24435
2.79772
2.14812
2.88231
2.5697
2.7471
2.14128
2.08418
1.8885
2.96745
2.4559
2.69632
2.3762
2.85572
2.34492
3.01868
2.18504
2.69205
1.93962
2.95926
2.29693
2.96769
2.26118
2.52785
2.24435
2.79772
2.14812
2.88231
2.5697
2.7471
2.14128
2.08418
1.8885
2.96745
2.4559
2.69632
2.3762
2.85572
2.34492
3.01868
2.18504
2.69205
1.93962
2.95926
2.29693
2.96769
2.26118
2.52785
2.24435
2.79772
2.14812
2.88231
2.5697
2.7471
2.14128
1.22759
0.975118
2.83358
2.02384
2.83358
2.02384
0.119997
0.119995
2.8586
1.95251
2.8586
1.95251
0.119997
0.119995
1.39005
1.32899
2.74135
2.04358
2.44519
1.85003
2.74135
2.04358
2.71651
1.9107
2.1414
1.74484
2.78444
2.03127
2.79013
2.06873
2.8921
1.99467
2.74762
2.03638
2.82295
1.9901
2.79013
2.06873
2.73765
2.11906
2.83173
2.05048
2.73765
2.11906
2.84897
2.15986
2.84947
2.21006
2.86084
2.02078
2.90921
2.22979
2.8541
2.27734
2.8541
2.27734
2.85048
2.11126
2.91467
2.16961
2.68235
2.16583
2.80876
2.24065
2.91496
2.30113
2.91496
2.30113
2.84153
2.41674
2.8573
2.37404
2.77071
2.25737
2.84079
2.34969
2.80805
2.25409
2.78876
2.30873
2.77017
2.26733
2.77144
2.32382
2.74153
2.3896
2.80508
2.34341
2.84153
2.41674
2.84153
2.41674
2.83517
2.34845
2.8146
2.43019
2.91768
2.46379
2.78378
2.3987
2.77192
2.3459
2.91768
2.46379
2.83003
2.30186
2.94566
2.35253
2.836
2.32971
2.78677
2.32835
2.87364
2.3933
2.91768
2.46379
2.83002
2.44503
2.86813
2.50796
2.87152
2.45249
2.87615
2.54466
2.87809
2.48335
2.85741
2.50298
2.93554
2.44488
2.88256
2.17369
2.87615
2.54466
2.85455
2.54325
2.81072
2.50292
2.87615
2.54466
2.81829
2.59899
2.91864
2.43169
2.83578
2.42874
2.85739
2.51156
2.83374
2.52433
2.745
2.26337
2.81829
2.59899
2.79526
2.31569
2.64594
2.21836
2.96723
2.46356
2.84591
2.34426
2.59899
2.08418
1.8885
2.96745
2.4559
2.69632
2.3762
2.85572
2.34492
3.01868
2.18504
2.69205
1.93962
2.95926
2.29693
2.96769
2.26118
2.52785
2.24435
2.79772
2.14812
2.88231
2.5697
2.7471
2.14128
2.08418
1.8885
2.96745
2.4559
2.69632
2.3762
2.85572
2.34492
3.01868
2.18504
2.69205
1.93962
2.95926
2.29693
2.96769
2.26118
2.52785
2.24435
2.79772
2.14812
2.88231
2.5697
2.7471
2.14128
2.08418
1.8885
2.96745
2.4559
2.69632
2.3762
2.85572
2.34492
3.01868
2.18504
2.69205
1.93962
2.95926
2.29693
2.96769
2.26118
2.52785
2.24435
2.79772
2.14812
2.88231
2.5697
2.7471
2.14128
2.08418
1.8885
2.96745
2.4559
2.69632
2.3762
2.85572
2.34492
3.01868
2.18504
2.69205
1.93962
2.95926
2.29693
2.96769
2.26118
2.52785
2.24435
2.79772
2.14812
2.88231
2.5697
2.7471
2.14128
2.08418
1.8885
2.96745
2.4559
2.69632
2.3762
1.22759
0.975118
2.83358
2.02384
2.83358
2.02384
0.119997
0.119995
2.8586
1.95251
2.8586
1.95251
0.119997
0.119995
1.39005
1.32899
2.74135
2.04358
2.44519
1.85003
2.74135
2.04358
2.71651
1.9107
2.1414
1.74484
2.78444
2.03127
2.79013
2.06873
2.8921
1.99467
2.74762
2.03638
2.82295
1.9901
2.79013
2.06873
2.73765
2.11906
2.83173
2.05048
2.73765
2.11906
2.84897
2.15986
2.84947
2.21006
2.86084
2.02078
2.90921
2.22979
2.8541
2.27734
2.8541
2.27734
2.85048
2.11126
2.91467
2.16961
2.68235
2.16583
2.80876
2.24065
2.91496
2.30113
2.91496
2.30113
2.84153
2.41674
2.8573
2.37404
2.77071
2.25737
2.84079
2.34969
2.80805
2.25409
2.78876
2.30873
2.77017
2.26733
2.77144
2.32382
2.74153
2.3896
2.80508
2.34341
2.84153
2.41674
2.84153
2.41674
2.83517
2.34845
2.8146
2.43019
2.91768
2.46379
2.78378
2.3987
2.77192
2.3459
2.91768
2.46379
2.83003
2.30186
2.94566
2.35253
2.836
2.32971
2.78677
2.32835
2.87364
2.3933
2.91768
2.46379
2.83002
2.44503
2.86813
2.50796
2.87152
2.45249
2.87615
2.54466
2.87809
2.48335
2.85741
2.50298
2.93554
2.44488
2.88256
2.17369
2.87615
2.54466
2.85455
2.54325
2.81072
2.50292
2.87615
2.54466
2.81829
2.59899
2.91864
2.43169
2.83578
2.42874
2.85739
2.51156
2.83374
2.52433
2.745
2.26337
2.81829
2.59899
2.79526
2.31569
2.64594
2.21836
2.96723
2.46356
2.84591
2.34426
2.59899
2.08418
1.8885
2.96745
2.4559
2.69632
2.3762
2.85572
2.34492
3.01868
2.18504
2.69205
1.93962
2.95926
2.29693
2.96769
2.26118
2.52785
2.24435
2.79772
2.14812
2.88231
2.5697
2.7471
2.14128
2.01444
2.02529
2.81667
2.27312
2.79691
2.05914
2.86761
2.39937
2.88541
2.45264
2.65041
1.85782
2.82574
2.32194
2.80178
2.30948
2.44037
2.28093
2.75354
2.08121
2.86972
2.11972
2.01406
1.86242
2.78705
2.15308
2.66591
2.00297
2.81884
2.43464
2.66474
1.86796
2.75221
2.32463
2.83676
2.13428
2.44426
2.17814
2.82538
2.143
2.78121
2.07421
2.21007
1.78001
2.89896
2.52483
1.94843
1.81468
2.51044
2.19102
2.85041
2.42051
2.78571
2.31917
2.367
2.21074
2.74805
1.9666
2.78568
2.32426
2.54149
1.97266
1.99644
1.88384
2.50257
2.19178
2.72668
2.39577
2.96668
2.55786
2.56579
2.21485
2.55365
1.73249
2.81915
2.05745
2.51925
1.95761
1.95754
1.8541
2.62233
2.15918
2.89594
2.52805
2.46054
2.24576
2.55488
1.76683
2.75212
2.16577
2.42691
1.965
2.02316
1.89874
2.57187
1.96799
2.49809
2.19601
2.53304
1.76302
2.68497
2.08853
2.12295
1.94758
1.6253
1.71955
2.50061
2.11871
2.25789
1.665
2.40576
2.21606
1.31991
1.18171
1.54949
1.55818
2.32627
2.14275
2.21888
1.76819
1.22643
1.05228
1.57553
1.53819
2.05282
1.51565
0.354175
0.345023
1.24149
1.20893
1.83596
1.51636
1.83596
1.51636
1.69012
1.35377
2.04633
1.66358
1.92214
1.66505
2.00909
1.66389
1.81749
1.5515
1.58567
1.39113
1.63168
1.33924
0.703376
0.645372
2.03667
1.77685
2.03667
1.77685
0.19944
0.201627
1.92214
1.66505
1.92214
1.66505
0.119997
0.119995
1.4028
1.26135
2.01858
1.57432
2.07522
1.56371
2.00156
1.75175
2.04107
1.75169
1.78331
1.4541
2.0102
1.82456
2.03667
1.77685
1.98462
1.77122
2.01782
1.88847
2.0171
1.8142
2.02821
1.8498
2.0102
1.82456
2.0094
1.83799
1.96513
1.79737
1.98067
1.81529
1.97657
1.83702
2.01782
1.88847
1.98504
1.86845
1.97336
1.85937
2.03095
1.772
2.01782
1.88847
2.0239
1.81254
2.01032
1.86126
2.01447
1.83607
2.01823
1.86164
1.71061
1.41914
2.01782
1.88847
1.87265
1.62012
1.42529
1.14845
2.0552
1.78725
1.9059
1.63959
2.22724
1.74813
1.94449
1.74764
2.13547
1.81412
2.03311
1.77248
2.15497
1.94879
2.15497
1.94879
2.15497
1.94879
0.57688
0.540496
2.15497
1.94879
2.15497
1.94879
0.119997
0.119995
1.87832
1.83745
1.87832
1.83745
0.119997
0.119995
1.36133
1.32033
2.1781
1.9967
2.19317
1.99133
2.23212
2.08128
2.20406
1.99313
2.05343
1.61081
2.1781
1.9967
2.14703
2.08439
2.18794
2.01827
2.14831
2.01297
2.16588
1.99452
2.13354
2.03317
2.16013
2.03442
2.14703
2.08439
2.09191
1.93694
2.14703
2.08439
2.16836
2.02088
2.13764
2.02776
2.13714
2.03268
2.1466
1.99731
2.13465
2.13172
2.2417
2.10314
2.31759
2.09768
2.14703
2.08439
2.30959
2.10067
2.27192
2.09626
2.15948
2.04254
2.13465
2.13172
2.13415
2.02839
2.13996
2.01575
2.14298
2.08087
2.12394
2.12024
1.78022
1.65334
2.13465
2.13172
2.05322
1.80046
1.71786
1.52379
2.17031
2.10441
2.03878
1.79895
2.64661
2.27269
1.92249
1.95587
2.3848
2.01277
2.29992
2.05606
0.764729
0.709771
0.34528
0.341395
1.11626
0.89546
1.03729
0.929065
1.09965
0.897585
0.506351
0.501072
0.279906
0.258832
0.38105
0.384419
0.434204
0.481717
0.394728
0.415477
0.615973
0.540437
1.06587
1.16828
0.119997
0.119995
1.12872
1.18259
1.12872
1.18259
0.119997
0.119995
1.06587
1.16828
1.06587
1.16828
0.119997
0.119995
0.258751
0.266157
1.15993
1.22218
0.721826
0.701796
1.15993
1.22218
0.718634
0.704503
0.825522
0.808256
1.16765
1.2503
0.818572
0.806982
1.39558
1.52477
1.20703
1.40953
1.88273
1.61038
1.85192
1.70983
1.94309
1.5195
1.21252
1.30863
1.19559
1.23055
1.18087
1.26896
1.3394
1.34701
1.2069
1.16915
1.29017
1.17997
0.119997
0.119995
1.79565
1.71009
1.79565
1.71009
0.119997
0.119995
1.81646
1.64148
1.81646
1.64148
0.119997
0.119995
1.53328
1.20687
1.85192
1.70983
1.81785
1.48587
1.86398
1.76818
1.88418
1.78379
1.65544
1.57037
1.8313
1.82463
1.79565
1.71009
1.51783
1.32754
1.81924
1.80255
1.653
1.53755
1.14052
0.963592
1.8313
1.82463
1.68577
1.46381
2.09206
1.84601
1.78331
1.52683
2.0906
1.72167
2.05801
1.72593
2.06939
1.86504
1.87795
1.79836
1.87778
1.68617
2.00907
1.84625
1.85843
1.79231
1.90375
1.72881
0.119997
0.119995
2.06939
1.86504
2.06939
1.86504
0.119997
0.119995
2.1367
1.84621
2.1367
1.84621
0.119997
0.119995
1.33299
1.17672
2.1028
1.91679
1.99172
1.79891
1.96829
1.87274
2.08789
1.85021
1.79076
1.45708
2.1028
1.91679
1.96323
1.94171
1.9319
1.93754
2.02951
1.9192
1.97869
1.92873
2.0683
2.04693
1.96709
2.00619
1.96323
1.94171
1.65912
1.37471
1.86227
1.66777
1.82054
1.65039
1.46348
1.28049
2.0683
2.04693
1.88195
1.66835
2.23154
2.00241
1.91977
1.8522
2.1272
1.87696
2.11321
1.9778
1.99343
1.97892
2.05529
1.96706
2.20541
2.07319
2.02508
2.02316
2.07289
1.94464
0.362317
0.363649
2.02788
1.84938
2.02788
1.84938
0.119997
0.119995
2.01783
1.75789
2.01783
1.75789
0.119997
0.119995
0.947919
0.947891
2.20541
2.07319
2.22305
1.95246
2.23345
1.96493
2.19466
1.92878
2.0977
1.61601
2.18635
2.02576
2.20541
2.07319
2.22997
2.02199
2.22489
2.02829
2.18958
1.98452
2.20541
2.07319
2.1877
2.02288
2.2281
2.04655
2.24735
2.02671
2.22382
2.03996
2.21698
2.02922
2.20976
1.99352
2.20541
2.07319
2.18321
2.02951
1.79584
1.48305
2.2077
2.04205
2.02696
1.6819
1.66746
1.54862
2.20541
2.07319
2.02332
1.73944
2.58409
2.03249
2.22448
1.89526
2.32387
2.02666
2.24291
1.94691
2.13841
2.09807
2.181
2.03123
2.21201
2.07183
2.21554
2.08371
0.555968
0.492843
2.04873
1.82744
2.04873
1.82744
0.119997
0.119995
1.87677
1.70784
1.87677
1.70784
0.119997
0.119995
0.96987
0.980111
2.13841
2.09807
2.20552
2.11782
2.20633
1.99182
2.18909
2.02385
2.08276
1.61245
2.21715
2.07217
2.13841
2.09807
2.27216
2.24352
2.27727
2.18529
2.29022
2.15314
2.20552
2.11782
2.2602
2.23933
2.24672
2.24448
2.3405
1.72014
2.22347
2.11964
2.26947
2.22184
2.24672
2.24448
2.19324
2.08864
2.24753
2.17946
2.23547
1.89117
2.26076
1.67781
2.28576
2.1693
2.27437
2.23487
2.24672
2.24448
2.25238
2.18941
1.81776
1.47433
2.25511
2.16209
2.14013
1.63081
1.71702
1.40478
2.24672
2.24448
2.19306
1.6587
2.69922
2.06586
2.2618
1.71237
2.51852
2.15136
2.27956
2.17486
2.2916
2.21919
2.23332
2.20708
2.26841
2.16186
0.490479
0.483205
2.15774
1.96034
2.15774
1.96034
0.119997
0.119995
2.29065
2.01558
2.29065
2.01558
0.119997
0.119995
1.2179
1.13652
2.2916
2.21919
2.2916
2.21919
2.23387
2.05436
2.23705
2.06426
2.10599
1.61342
2.23025
2.1162
2.25173
2.11002
2.28466
2.24043
2.28473
2.17684
2.27716
2.17833
2.1793
2.16775
2.26456
2.18724
2.2916
2.21919
2.34881
1.84779
2.23794
2.13347
2.27877
2.1966
2.28466
2.24043
2.26491
1.68687
2.27078
2.22987
2.28466
2.24043
2.2657
2.1508
2.2257
1.70478
2.27554
2.22156
2.23353
2.21735
2.23957
2.14487
2.24831
1.88779
2.34951
2.22822
2.31472
2.2115
2.28414
2.24949
2.28466
2.24043
2.30202
2.22139
1.82057
1.48368
2.28917
2.20643
2.18629
1.60776
1.76058
1.3886
2.28414
2.24949
2.21176
1.71638
2.82547
1.96186
2.35514
1.73662
2.46044
1.69189
2.32041
1.73987
2.24462
2.19392
2.28722
1.69631
0.516993
0.481774
2.37462
1.90531
2.37462
1.90531
0.130655
0.136341
2.20886
2.06827
2.20886
2.06827
0.119997
0.119995
1.29905
1.36587
2.24462
2.19392
2.24462
2.19392
2.29882
2.11473
2.22969
2.11275
2.07632
1.63319
2.2281
2.16205
2.29586
2.12742
2.24462
2.19392
2.23612
2.20651
2.29127
2.22389
2.19268
2.26217
2.23868
2.18924
2.25517
2.24255
2.17348
2.08693
2.23513
1.98417
2.19146
2.16419
2.19268
2.26217
2.13498
1.9389
2.18713
2.15906
2.19268
2.26217
2.20593
2.15798
2.20511
2.22346
2.14989
2.20611
2.13997
2.1615
2.14948
2.15074
2.23307
1.95559
2.1924
2.21214
2.21121
2.23028
2.19268
2.26217
2.20906
2.27307
2.21881
2.20061
2.18222
2.09059
2.21956
2.06571
2.19968
2.06909
2.20906
2.27307
2.23874
2.06814
2.21067
2.09914
1.78208
1.56423
2.22138
2.17774
2.03341
1.60732
1.62263
1.54368
2.20906
2.27307
2.07452
1.66666
2.73681
1.93168
2.0585
1.98761
2.55505
2.09976
2.35397
2.1717
2.19264
2.01945
1.10778
0.905131
2.13948
1.74483
2.13948
1.74483
0.219729
0.22211
1.97685
1.77716
1.97685
1.77716
0.119997
0.119995
0.803938
0.831084
2.35397
2.1717
2.35397
2.1717
2.26793
2.11557
2.30135
2.10765
2.33325
2.19011
2.32715
2.16878
2.27211
2.17168
2.22846
1.71568
2.33325
2.19011
2.31061
2.16528
2.15955
1.63577
2.25663
2.23888
2.26632
2.25186
2.3041
2.28444
2.28938
2.27725
2.25613
2.28335
2.26632
2.25186
2.29866
2.27635
2.28885
2.32234
2.29326
2.27653
2.27788
2.32959
2.3116
2.30777
2.28885
2.32234
2.27948
2.32063
2.31248
2.247
2.27788
2.32959
2.27084
2.26348
2.25155
2.25829
2.2972
2.31882
2.26458
2.27717
2.32323
2.28086
2.31203
2.15151
2.3688
2.18152
2.30647
2.22678
2.25067
2.22098
2.27788
2.32959
2.36769
2.25771
2.33024
2.25697
2.37346
2.09752
2.32068
2.0316
2.27788
2.32959
2.3787
2.09464
2.32944
2.06047
1.80219
1.54132
2.18968
2.1667
1.9421
1.69975
1.68983
1.46171
2.27788
2.32959
1.92965
1.64638
1.04426
0.910051
2.57139
1.91018
2.57139
1.91018
0.119997
0.119995
2.10386
1.66379
2.10386
1.66379
0.119997
0.119995
0.530586
0.539139
2.88541
2.45264
2.32337
2.08153
2.93328
2.48554
2.90494
2.14298
2.45997
1.86052
2.72042
2.27669
2.88541
2.45264
2.88065
2.27555
2.96
2.33605
2.88475
2.34244
2.83513
2.34515
2.93328
2.48554
2.91698
2.32214
2.91073
2.31674
2.86757
2.42968
2.86717
2.39294
2.88436
2.27393
2.9282
2.38593
2.93328
2.48554
2.76886
2.29486
2.87013
2.38788
2.90298
2.38602
2.96245
2.27778
2.95548
2.30874
2.93328
2.48554
2.86167
2.40374
2.95548
2.38677
2.91791
2.41226
2.9221
2.29455
2.89341
2.41572
2.93328
2.48554
2.93317
2.30506
2.91046
2.31695
2.91405
2.30736
2.93328
2.48554
2.95109
2.43249
2.87035
2.42813
2.93328
2.48554
2.93358
2.24628
2.94055
2.33763
2.91869
2.45144
2.91773
2.34383
2.91493
2.31814
2.8545
2.43726
2.85121
2.44805
2.93451
2.3113
2.98833
2.4766
2.93328
2.48554
2.93478
2.44099
2.92035
2.28929
2.90043
2.32429
2.92153
2.33592
2.93328
2.48554
2.94275
2.31629
2.91917
2.30604
2.82182
2.29398
2.93328
2.48554
2.81255
2.29227
2.71604
2.22055
2.90168
2.29264
2.82698
2.31171
2.48554
2.01406
1.86242
2.83472
2.28941
2.88302
2.17024
2.92376
2.45477
2.60399
1.98626
2.88201
2.44289
2.7911
2.34579
2.4961
2.16628
2.83667
2.19483
2.7274
2.23323
2.21007
1.78001
3.08092
2.49712
2.14293
2.09694
2.70029
2.07308
3.03162
2.54945
2.95356
2.54429
2.61002
2.24002
2.71902
2.05838
2.89828
2.24529
1.92215
1.82642
2.98759
2.47273
1.99319
1.96067
2.69789
2.05842
3.01126
2.56613
2.66781
2.52573
2.71077
2.13431
2.89369
2.23168
1.90504
1.83332
3.0969
2.63898
2.07214
2.0096
2.7369
2.3492
2.61769
2.38797
2.75806
2.16216
2.92592
2.52957
2.42691
1.965
1.99953
1.97434
2.61093
2.1179
2.71509
2.21013
2.52276
1.78147
2.95414
2.25966
1.47172
1.37981
1.94834
1.9678
2.60527
2.02371
2.66547
2.18536
2.47151
1.82579
1.31991
1.18171
1.72976
1.76519
2.37286
1.94267
2.40544
1.72172
1.22643
1.05228
1.59472
1.61608
2.13527
1.59316
0.354175
0.345023
1.40236
1.28406
2.31198
1.79448
3.16165
2.32167
2.67355
1.95513
2.06787
1.65291
2.15103
1.73375
3.09321
2.16422
2.63834
1.93657
2.31013
1.92845
2.93354
2.27828
2.94282
2.06562
2.93354
2.27828
2.75856
2.25641
2.69537
2.25229
2.89925
2.23213
2.78767
2.48114
2.83674
2.30251
2.86946
2.25132
2.8042
2.24097
2.79785
2.21263
2.92845
2.32389
2.79629
2.27531
2.78767
2.48114
2.78767
2.48114
2.9247
2.3567
2.8658
2.47423
2.78176
2.56934
2.99879
2.45113
2.79363
2.32766
2.78176
2.56934
2.90926
2.40899
2.94002
2.32978
2.84178
2.35045
2.91003
2.41051
3.02598
2.42539
2.84214
2.36452
2.70388
2.36086
2.65998
2.4604
2.78176
2.56934
2.70969
2.37428
2.58067
2.33244
2.68922
2.41456
2.78176
2.56934
2.72054
2.5443
2.85552
2.36416
2.87462
2.33941
2.68348
2.51683
2.76041
2.28621
2.74749
2.43141
2.74201
2.42893
2.96314
2.27981
2.80758
2.31402
2.81076
2.31068
2.79626
2.32778
2.76905
2.5636
2.8212
2.43039
2.74263
2.43667
2.75973
2.26636
2.96164
2.47156
2.77268
2.32032
2.72027
2.31339
2.81701
2.31595
2.78087
2.29558
2.78861
2.42921
2.7525
2.43431
2.75736
2.50515
2.79089
2.28715
2.86198
2.30686
2.75257
2.38845
2.74563
2.46251
2.73523
2.28158
2.81412
2.48328
2.76343
2.27469
2.7827
2.58571
2.80405
2.31125
2.84859
2.33979
2.73926
2.4855
2.73747
2.4508
2.74111
2.27767
2.774
2.48673
2.76512
2.44881
2.80913
2.58207
2.80433
2.29381
2.83419
2.33284
2.7665
2.48817
2.74524
2.46221
2.73695
2.29319
2.76267
2.4889
2.76622
2.45084
2.81133
2.59466
2.79249
2.29571
2.84139
2.56358
2.76749
2.50965
2.7356
2.28868
2.73902
2.28043
2.78176
2.56934
2.82935
2.15193
2.83706
2.27344
2.80686
2.19752
2.83397
2.21355
2.78176
2.56934
2.78176
2.56934
2.78176
2.56934
2.95537
2.32348
2.78176
2.56934
2.78176
2.56934
2.95665
2.47471
2.95665
2.47471
2.78176
2.56934
2.84309
2.26517
2.78176
2.56934
0.604473
0.560916
0.417442
0.378023
0.155656
0.155321
0.490375
0.465124
2.27024
2.29097
2.87471
2.27024
2.91213
2.29097
2.94094
2.27243
2.94979
2.28861
2.94979
2.28861
2.94979
2.28861
2.94979
2.28861
2.94979
2.28861
2.94979
2.28861
2.94979
2.28861
2.94979
2.28861
2.90268
2.2938
2.9501
2.28444
2.81866
2.48002
2.74986
2.42136
2.74986
2.42136
2.74986
2.42136
2.74986
2.42136
2.74986
2.42136
2.74986
2.42136
2.74986
2.42136
2.74986
2.42136
2.91155
2.29527
2.78396
2.23435
2.95818
2.26966
2.75973
2.26636
2.75973
2.26636
2.75973
2.26636
2.75973
2.26636
2.75973
2.26636
2.75973
2.26636
2.75973
2.26636
2.75973
2.26636
2.91526
2.30637
2.78999
2.23913
2.88964
2.43632
2.78176
2.56934
2.78176
2.56934
2.78176
2.56934
2.78176
2.56934
2.78176
2.56934
2.78176
2.56934
2.78176
2.56934
2.78176
2.56934
2.92057
2.30722
2.85202
2.24445
2.9014
2.43702
2.80913
2.58207
2.80913
2.58207
2.80913
2.58207
2.80913
2.58207
2.80913
2.58207
2.80913
2.58207
2.80913
2.58207
2.80913
2.58207
2.9244
2.31061
2.85753
2.24212
2.85803
2.4232
2.80931
2.62326
2.80931
2.62326
2.80931
2.62326
2.80931
2.62326
2.80931
2.62326
2.80931
2.62326
2.80931
2.62326
2.80931
2.62326
2.91744
2.30048
2.86841
2.44006
2.85229
2.43198
2.8029
2.65326
2.8029
2.65326
2.8029
2.65326
2.8029
2.65326
2.8029
2.65326
2.8029
2.65326
2.8029
2.65326
2.8029
2.65326
2.92256
2.30134
2.86846
2.43334
2.85693
2.42515
2.84628
2.66789
2.84628
2.66789
2.84628
2.66789
2.84628
2.66789
2.84628
2.66789
2.84628
2.66789
2.84628
2.66789
2.84628
2.66789
2.92489
2.29132
2.86554
2.43564
2.86634
2.25787
2.84237
2.67028
2.84237
2.67028
2.84237
2.67028
2.84237
2.67028
2.84237
2.67028
2.84237
2.67028
2.84237
2.67028
2.84237
2.67028
2.77179
2.29787
2.8106
2.58077
2.80809
2.5861
2.79725
2.5366
3.03256
2.27951
2.98325
2.41623
2.86286
2.53163
2.76866
2.38963
2.72382
2.43724
2.78176
2.56934
2.80354
2.56633
2.84628
2.66789
2.83199
2.17638
2.84437
2.28069
2.8342
2.17733
2.84444
2.28777
2.84628
2.66789
2.84628
2.66789
2.84628
2.66789
2.98644
2.33509
2.84628
2.66789
2.84628
2.66789
3.08979
2.3643
3.08979
2.3643
2.84628
2.66789
2.84309
2.26517
2.84628
2.66789
0.673821
0.514844
0.430753
0.361253
0.152814
0.152899
0.491232
0.467928
2.79292
2.65749
2.78946
2.52999
2.75535
2.2605
2.78777
2.29771
2.78855
2.29419
2.82282
2.28861
2.84052
2.27094
2.83971
2.29869
2.3187
1.8842
2.97105
2.36647
2.68714
1.99168
2.13792
1.75477
2.78176
2.56934
2.8246
2.25679
3.18614
2.42828
2.77555
2.38514
2.81662
2.27254
3.004
2.20295
2.78176
2.56934
2.80147
2.29936
2.89852
2.27721
2.69423
2.30563
2.74823
2.21978
2.95934
2.28322
2.79299
2.50792
2.78176
2.56934
2.78767
2.48114
2.9247
2.3567
2.8658
2.47423
2.78176
2.56934
2.99879
2.45113
2.79363
2.32766
2.78176
2.56934
2.90926
2.40899
2.94002
2.32978
2.84178
2.35045
2.91003
2.41051
3.02598
2.42539
2.84214
2.36452
2.70388
2.36086
2.65998
2.4604
2.78176
2.56934
2.70969
2.37428
2.58067
2.33244
2.68922
2.41456
2.78176
2.56934
2.72054
2.5443
2.85552
2.36416
2.87462
2.33941
2.68348
2.51683
2.56934
2.34374
1.92909
1.88776
1.89362
2.6739
2.08589
2.92177
2.55576
2.68967
2.38395
2.46199
1.82588
2.79226
2.2949
2.26497
1.90031
1.85244
1.89824
2.56171
2.10331
2.67502
2.31569
2.53056
1.84702
2.78146
2.34916
1.45265
1.32848
1.81263
1.8268
2.54171
2.07225
2.72588
2.24367
2.46574
1.92135
1.27515
1.22376
1.7037
1.76531
2.35308
2.06472
2.34952
1.76034
1.22636
1.07614
1.59211
1.58562
2.13557
1.67386
1.08967
0.931818
1.34812
1.3176
